

***  11:55   7-20-2007  ***

01    8.35 -14.52  -6.61 -31.46  24.58   4.93

01    8.35 -14.52  -6.61 -31.41  24.53   4.94

01    8.35 -14.52  -6.61 -31.39  24.49   4.96

01    8.35 -14.52  -6.61 -31.38  24.44   4.98

01    8.35 -14.52  -6.61 -31.35  24.40   5.00

01    8.35 -14.52  -6.61 -31.33  24.36   5.02

01    8.35 -14.52  -6.61 -31.34  24.33   5.03

01    8.34 -14.52  -6.62 -31.35  24.31   5.05

01    8.34 -14.52  -6.62 -31.35  24.31   1.22 

01    8.34 -14.52  -6.62 -31.35  24.31   1.22 

01    8.34 -14.52  -6.62 -31.35  24.31   1.22 

01    8.34 -14.52  -6.62 -31.35  24.31   1.22 

01    8.34 -14.52  -6.62 -31.35  24.31   1.22 

01    8.34 -14.52  -6.62 -31.35  24.31   1.22 

01    8.34 -14.52  -6.62 -31.35  24.31   1.22 

01    8.34 -14.52  -6.62 -31.35  24.31   1.22 

01    8.34 -14.52  -6.62 -31.35  24.31   1.22 

01    8.34 -14.52  -6.62 -31.35  24.31   1.22 

01    8.34 -14.52  -6.62 -31.35  24.31   1.22 

01    8.34 -14.52  -6.62 -31.35  24.31   1.22 

01    8.34 -14.52  -6.62 -31.35  24.31   1.22 

01    8.34 -14.52  -6.62 -31.35  24.31   1.22 

01    8.34 -14.52  -6.62 -31.35  24.31   1.22 

01    8.34 -14.52  -6.62 -31.35  24.31   1.22 

01    8.34 -14.52  -6.62 -31.35  24.31   2.33 

01    8.34 -14.52  -6.62 -31.35  24.31   2.33 

01    8.34 -14.52  -6.62 -31.35  24.31   2.33 

01    8.34 -14.52  -6.62 -31.35  24.31   2.33 

01    8.34 -14.52  -6.62 -31.35  24.31   2.33 

01    8.34 -14.52  -6.62 -31.35  24.31   2.33 

01    8.34 -14.52  -6.62 -31.35  24.31   3.96

01    8.34 -14.52  -6.62 -31.35  24.31   3.96

01    8.34 -14.52  -6.62 -31.35  24.31   3.96

01    8.34 -14.52  -6.62 -31.35  24.31   3.96

01    8.34 -14.52  -6.62 -31.35  24.31   3.96

01    8.34 -14.52  -6.62 -31.35  24.31   3.96

01    8.34 -14.52  -6.62 -31.35  24.31   3.96

01    8.34 -14.52  -6.62 -31.35  24.31   3.96

01    8.34 -14.52  -6.62 -31.35  24.31   3.96

01    8.34 -14.52  -6.62 -31.35  24.31   3.96

01    8.34 -14.52  -6.62 -31.35  24.31   3.96

01    8.34 -14.52  -6.62 -31.35  24.31   3.96

01    8.34 -14.52  -6.62 -31.35  24.31   3.96

01    8.34 -14.52  -6.62 -31.35  24.31   3.96

01    8.34 -14.52  -6.62 -31.35  24.31   3.96

01    8.34 -14.52  -6.62 -31.35  24.31   3.96

01    8.34 -14.52  -6.62 -31.35  24.31   3.96

01    8.34 -14.52  -6.62 -31.35  24.31   3.96

01    8.34 -14.52  -6.62 -31.35  24.31   3.96

01    8.34 -14.52  -6.62 -31.35  24.31   3.96

01    8.34 -14.52  -6.62 -31.35  24.31   3.96

01    8.34 -14.52  -6.62 -31.35  24.31   3.96

01    8.34 -14.52  -6.62 -31.35  24.31   3.96

01    8.34 -14.52  -6.62 -31.35  24.31   3.96

01    8.34 -14.52  -6.62 -31.35  24.31   3.96

01    8.34 -14.52  -6.62 -31.35  24.31   3.96

01    8.34 -14.52  -6.62 -31.35  24.31   3.06
01    8.34 -14.52  -6.62 -31.35  24.31   3.07

01    8.34 -14.52  -6.62 -31.35  24.31   3.07

01    8.34 -14.52  -6.62 -31.35  24.31   3.07

01    8.34 -14.52  -6.62 -31.35  24.31   3.07

01    8.34 -14.52  -6.62 -31.35  24.31   3.07

01    8.34 -14.52  -6.62 -31.35  24.31   3.07

01    8.34 -14.52  -6.62 -31.35  24.31   4.07

